0000000000006                   7   9            737     15      133               4      0000
0000000000000  709  7  4683 17 203  0 399  030  02      9995 9537  7005   30 7  8470  11  0000
0000000000000   09  7  498  77 103  0 299  038  2     906      7323  309  30 7  0470  11  0000
0000000000000  709  7  498  77 101  07399  0387 1055000  200000   1661 03 30 7  8670  77  0000
0000000000000  709  7  468  71 703  0 299  039 79 9 720000409990053   04  10 7  9470  11  0000
0000000000000  189  7  498  71 703  0 269  03857    950619762 84001 00009  9    9470  11  0000
0900000000800  786  7  499   7 703  0 299 7055  77  0   309323035500099000 2 7  84707 77  0000
0900000842300  786  7  499  77 703  0 296 70    089695955338020335773899000  7  94707 11  0580
0400000756500  786     499  77 703  0 366 302  90309080903 30209990332420001 7  94703 11  0527
0609 00746500  786  7  499  77 703  0 396 793  0423 13893     09880536949009 7  84701 11  0447
0 55700769500  796  7  599   7 703  0 369 743  00000 37  000009 450055946809 7  94701 11  0547
0 96100746500   86     568  77 103  0 369 020408 7     17  7771 862502844903    95701 11  0547
0 96300766500  786  77 468  71 103  0 266  0455073132333322336  393503965906    94701 11  0557
0 99390 46500  784  7  468  77 703  0 269 7096155   17     39   428043844600    96703 77  0557
0 69300 65146  784  7  668  77 703  0 369  533995  984091737  80429022855900    94703 11  0557
0 69100766800   96  7  490  77 103  0 269 78  007657 7      48293 3052045000    86703 11  0557
0 96100744700000007 7  468  77 103  0 268 302  0722077  000896323 79640454004   96703 77  0547
0 99100 6639  5   377  490  17 103  07268  092 0233233909522522600 0390505806   96702 11  0547
0 99100769500   93     390  71 703  0 240  099 0 11 1800  69000857 01405004007  89702 11  0547
0 99300766500  20213 50 19  11 103  072501 19050800000 069521   30052004905000  09705 11  0547
0 99300769500  5 590090 80  77 103  076007507   002 7995 1531238099800069060 00 99704 11  0467
0199300769500  306 00790401 77 102  003    925    521 70033549403  0900860005 0 16704 11  0491
0799300769400  10    309260771 102 73    50518     5260533553541 3003 6080890  054706 11  0493
0199300199600  30  52332  36 7 302  090006 3395     503 112333   09 0800000400 605 06 33  0663
0399200399400  3939005997 34 1 302  055   351585   9  365333340002    13 30480 550 09 11  0963
0399200399400  1082    7630171 305  00 90023220  0053   7135273  73009829300600  0 08 11  0993
0399500399600  704 3857 5342   203 1  4 07 3374 91     719  970593507 273 90490130 00 33  0963
0399500289600   00  799 73790  5097 0   03331204   99990009   92  5173333770599000 00 11  0995
0299500298900   08    03717501 50740    153372    5   77  9 104  23255233770496904 00 11  0992
0598500599900   00   950443590 5068        17500  33400  0  1  1944522231 00999980 80 33  0995
0598500588900   08     3533308 50736    001 71500           00 3453332227 00404980059     0994
0598500588900 54002464300996 7190096547  19933300          00 35233353317599805069090523  0994
0588400588900 55085699580  1133 79 057543080008420999666944  652322231263023002064600634560984
0488600588900 550835552900 533221  5057   345   76533333320  232223356941057003069500001 30989
058860068080075500554529003 233325135807 7 01  31150055330 307 11154455 3667003069660900 10909
0400900900900 5500554459088  33333730 90009000  333 0000004 24051317    05970040999998 8010989
0400900900800180000889290060   133135 900040000 3353  00  909   331600550397040000668923 00008
0900900900000002256500000058001  13  60032680807 13351    239899900046452327900909669095105008
0900900900009           7000000027 50500 22 20001 3332555027   704375355459005 800849006357000
08009009000    14696641      00000066300  3  9 30 7333331461  00993101305526127009058000117000
0900800008  469653113325462      00005000 00450229771333321 9000917907802433423004040690200000
090000000 594223221311311325451     00000  1  775905  331 7085208 7053521535989990096095700000
080000008 332332537325311333335543     30 30000009900577100000650000 7050044699308045009300000
080000000 12233541113492 133333332553     20365 17735000086659049609500302006225001 6446300000
080000000  323346 313200   3333333332543    7900000953713268989023003003767299404 600599300000
0000000000  3135573337 900  133333333335441    7  00000004355456053300910069996400900299300000
00000000000 35255313317  509  133333333332545   4      2000047  308430010859696500400296300000
000000000000  55333333337 3903 13333331333332543  9     7   110040 384020859996500400399300000
0000000000000 35333333333112401 33333333333333355550 17   1851 06005 3800959996500400399300000
00000000000001 32333333333123007133233333331333333110526883 70   3  31 90856994500600399300000
000000000000097 3233233333113688 1333233332331333337 667135531909808508  046996400600396100000
0000000000000502 733122333139510971333323333337 333311951333357 5592  189504699400600296300000
00000000000002400  13332222417  0573233332333322333231307        96909339490499400600399300000
0000000000000526008 25294131133 0037322333333333333333 800009000028735375960566500600399300000
00000000000000900009 3531333311  0037322223333323333337   7485  72 233315960000000000000900000
236640955549080089680  5333 133  00031222222333333333223 4941735921633335600  7   72498952533 
                     47 23333337 09005332222223332333333 80 1333233667126900              352 
     1853           729  3333331 609809335255225223222527201533322544234990           5523    
 3 57      29005808537500 423333 109990023222322322233333701555333356559460399  905           
  27599523               3 253331 6099900952255522255555330725555555666550500891              
  9853254695112546646644530 123337 009966009233555222222 9013555554494580617735680893         
  88322232445333322252223429  5333  99009990095332555552 902544666653700  3544455255998888965 
   93322223544531333333357139 122237 00350000000096532234055694531140000099453313252555555555 
   093332233325237113331511114 132337  0433635  36900099943 356000000000000000006455555552555 
 27 9037  7113256455233391 67139 322225586 60009442173400000000003    739     300633555222555 
 299800000009521         06000890 553379557   6054666653  3503   2909339   133   800990000065 
        789699800000000000      82 9423353322  01 7566669645250053338000400622223555621   7205
           4895333335807         9  3455232223900002335455590000000005 755312222231113323331  
              7333600     3498900000  73222523    90000000000957      11732332222222333317133 
